------------------------------------------------
NUMBER OF KEYS
199
299
399
499
599
699
799
899
999
------------------------------------------------
TIME
71.0635
0.015965
0.016014
0.015762
0.015885
0.015867
0.016144
0.017022
0.017051
0.019126
0.015962
0.015273
0.019715
0.014663
0.016266
0.016152
0.032582
0.021634
0.015073
0.016239
0.016152
0.016193
0.018869
0.017884
0.017134
0.043631
0.017531
0.018299
0.019063
0.021728
0.023072
0.019377
0.022766
0.018114
0.019836
0.021312
0.018573
0.020121
0.018588
0.026404
0.01906
0.026049
0.025707
0.019319
0.019213
0.017005
0.018539
0.0214
0.02124
0.017232
0.018149
0.022354
0.016752
0.019074
0.017266
0.015688
0.016557
0.01695
0.017649
0.01717
0.023769
0.026248
0.024858
0.01927
0.024756
0.019872
0.029608
0.019108
0.02308
0.022025
0.020744
0.020124
0.021356
0.019827
0.018808
0.016468
0.020242
0.017546
0.016663
0.018485
0.016391
0.025539
0.018173
0.021034
0.022376
0.031069
0.021538
0.026759
0.029686
0.0176
0.021549
0.018867
0.023835
0.025268
0.023356
0.021128
0.02346
0.020957
0.019575
0.021917
------------------------------------------------
